% # columns="iteration, evaluation, sigma, axis ratio, bestever, best, median, worst objective function value, further objective values of best", seed=491249, Thu Dec 26 22:19:47 2019, <python>{}</python>
1 6 1.1148221491532881 1.0000250003125026 0.00022558087074216106 2.2558087074216106e-04 0.0003977724741447892 0.000998003992015968   
2 12 1.2373730487777266 1.3877757892979148 0.00021454623471358077 2.1454623471358077e-04 0.000499001996007984 0.0008673026886383347   
3 18 1.2139753379672737 1.2129209947603952 0.00019428793471925395 1.9428793471925395e-04 0.0006793478260869565 0.0007342143906020558   
4 24 1.5003899660116893 1.1706054853173948 0.00016986580601324953 1.6986580601324953e-04 0.0004095004095004095 0.0007434944237918215   
5 30 1.1703330618749475 1.5291695583388123 0.00016986580601324953 2.0868113522537563e-04 0.000526592943654555 0.000946969696969697   
6 36 1.1337090972807355 1.3913645385715636 0.00016986580601324953 2.6102845210127906e-04 0.0005446623093681918 0.0008077544426494346   
7 42 1.3726007407361485 1.23089420590388 0.00016986580601324953 1.7064846416382253e-04 0.0007412898443291327 0.0008703220191470844   
8 48 1.3949958259255981 1.926438154019265 0.00016545334215751158 1.6545334215751158e-04 0.00036088054853843375 0.0005102040816326531   
9 54 1.1486531540462457 1.892180732420737 0.0001339046598821639 1.3390465988216390e-04 0.0006901311249137336 0.0008764241893076249   
10 60 1.1087454509615196 1.9515964050488552 0.0001339046598821639 3.3738191632928474e-04 0.0005455537370430987 0.0007178750897343862   
11 66 0.9084204534993974 1.6247754111482546 0.0001339046598821639 2.8360748723766310e-04 0.00042753313381787086 0.0008006405124099279   
12 72 0.7972730167189434 1.4792968341361898 0.0001339046598821639 3.9077764751856197e-04 0.0005753739930955121 0.0009199632014719411   
13 78 0.8430965796788544 1.3226589741756367 0.0001339046598821639 2.6448029621793179e-04 0.0007739938080495357 0.0008396305625524769   
14 84 0.6228091489929842 1.4471382196870073 0.0001339046598821639 4.6554934823091247e-04 0.0006119951040391676 0.0010384215991692627   
15 90 0.7030354995258787 1.7897366335083054 0.0001322401481089659 1.3224014810896590e-04 0.0006157635467980296 0.0007320644216691069   
16 96 0.650925147424737 2.2830471477450605 0.0001221001221001221 1.2210012210012210e-04 0.0005060728744939271 0.0007189072609633358   
17 102 0.5049923292413769 2.407171778149961 0.0001221001221001221 3.5348179568752211e-04 0.0006680026720106881 0.0007987220447284345   
18 108 0.48633874308474895 2.4367969463528207 0.0001221001221001221 3.5248501938667606e-04 0.00043308791684711995 0.0007942811755361397   
19 114 0.37919359710465333 2.1301827914501184 0.0001221001221001221 3.7397157816005983e-04 0.0006153846153846154 0.0008525149190110827   
20 120 0.293322176764744 2.4524933623261345 0.0001221001221001221 2.9533372711163615e-04 0.0006105006105006105 0.0007158196134574087   
21 126 0.24936378187962596 2.0996899784761838 0.0001221001221001221 2.3998080153587713e-04 0.0006868131868131869 0.0008237232289950577   
22 132 0.29089403530154 2.106335236738347 0.0001221001221001221 2.7540622418066650e-04 0.0006711409395973154 0.0011337868480725624   
23 138 0.2154752529052558 2.151113673115774 0.0001221001221001221 2.7203482045701850e-04 0.0006146281499692685 0.0008680555555555555   
24 144 0.18472070263519164 2.092223608531269 0.0001221001221001221 2.6406126221283337e-04 0.0005186721991701245 0.0008598452278589854   
25 150 0.23557529486959541 2.0947950677365523 0.0001221001221001221 2.3277467411545624e-04 0.0006222775357809583 0.0009182736455463728   
26 156 0.26418942086824665 1.5798193900393716 0.0001221001221001221 4.8332527791203480e-04 0.0006920415224913495 0.0010582010582010583   
27 162 0.22982773111889077 2.176406003383514 0.0001221001221001221 3.8153376573826786e-04 0.0007178750897343862 0.0010070493454179255   
28 168 0.2551236305603438 1.9614417415348526 0.0001221001221001221 2.3929169657812874e-04 0.00046125461254612545 0.0007547169811320754   
29 174 0.24891188088572944 2.7777340428554584 0.0001221001221001221 2.4431956999755681e-04 0.000691085003455425 0.0012106537530266344   
30 180 0.24693797633883693 2.8932281236045903 0.0001221001221001221 2.2779043280182233e-04 0.0008244023083264633 0.001049317943336831   
31 186 0.26587923363471166 3.0507528843107536 0.0001221001221001221 1.6911889058007779e-04 0.0006131207847946045 0.0010162601626016261   
32 192 0.20110615950094468 3.2917174366548 0.0001221001221001221 3.7778617302606723e-04 0.0005885815185403178 0.0006816632583503749   
33 198 0.23412977799259024 3.090749019663604 0.0001221001221001221 2.9542097488921711e-04 0.0005330490405117271 0.0006357279084551812   
34 204 0.2063031904565907 2.722022929828239 0.0001221001221001221 2.1367521367521368e-04 0.0005506607929515419 0.0009165902841429881   
35 210 0.24122955766249277 2.253649466713014 0.0001221001221001221 3.4590107229332413e-04 0.0006825938566552901 0.0008403361344537816   
36 216 0.2121241340110528 3.124914910223828 0.0001221001221001221 1.7943656917279743e-04 0.0004878048780487805 0.0007209805335255948   
37 222 0.21589900580860522 2.9745930507495824 0.0001221001221001221 4.6490004649000463e-04 0.0005567928730512249 0.0007867820613690008   
38 228 0.24607423497114575 3.11102402942155 0.0001221001221001221 1.4423770373575654e-04 0.00046468401486988845 0.0007352941176470588   
39 234 0.28153190641652964 3.6104090229134176 0.0001221001221001221 3.6927621861152144e-04 0.000646830530401035 0.001177856301531213   
40 240 0.3376042164920008 4.631787634640987 0.0001221001221001221 2.3843586075345731e-04 0.0003544842254519674 0.0008733624454148472   
41 246 0.2733633561041958 4.509298929239754 0.0001221001221001221 2.1848372296263927e-04 0.0005417118093174431 0.0006418485237483953   
42 252 0.28851025503266703 3.7531095537996024 0.0001221001221001221 2.5113008538422905e-04 0.0005243838489774515 0.0007880220646178094   
43 258 0.2572694676125931 4.091476458930166 0.0001221001221001221 2.0345879959308239e-04 0.0006195786864931846 0.0006978367062107466   
44 264 0.2905602270501672 4.871315194060105 0.0001221001221001221 4.5977011494252872e-04 0.0008123476848090983 0.0008865248226950354   
45 270 0.26505691828373873 3.502144875454453 0.0001221001221001221 1.5661707126076742e-04 0.000363901018922853 0.00042122999157540015   
46 276 0.25560711245434825 3.3543721697960556 0.0001221001221001221 1.5941335883947074e-04 0.0005089058524173028 0.0010193679918450561   
47 282 0.22428129050742523 3.9956227012906655 0.0001221001221001221 1.8162005085361425e-04 0.0003862495171881035 0.0007604562737642585   
48 288 0.17716740590129493 3.8869857264013272 0.0001221001221001221 1.5642108556233381e-04 0.0006724949562878278 0.0007961783439490446   
49 294 0.21261045131047246 3.265906618742549 0.0001221001221001221 2.3272050267628578e-04 0.0008203445447087777 0.0011037527593818985   
50 300 0.2920351972451127 4.14977281890116 0.0001221001221001221 3.2573289902280132e-04 0.0007396449704142012 0.0008438818565400844   
51 306 0.3567653489775192 6.610162969231597 0.0001221001221001221 2.1290185224611454e-04 0.0007462686567164179 0.0009442870632672333   
52 312 0.4554693959149048 7.951110914138985 0.00011074197120708749 1.1074197120708749e-04 0.0005227391531625719 0.000725689404934688   
53 318 0.4788944081883243 6.160071465538401 0.00011074197120708749 3.3145508783559825e-04 0.0005339028296849973 0.0007849293563579278   
54 324 0.4921282925746733 6.3813296810477045 0.00011074197120708749 3.0797659377887281e-04 0.0005878894767783657 0.0009930486593843098   
55 330 0.5345185924763284 6.4635157541759725 0.00011074197120708749 1.7892288423689389e-04 0.0004065040650406504 0.0006613756613756613   
